 (0.009853+0.000000j)  (-0.000016-0.000002j)  (0.000005+0.000001j)  (-0.000018+0.000022j)  (-0.000027+0.000073j)  (0.000010-0.000017j)  (-0.000000+0.000004j)  (-0.000011+0.000007j)  (-0.000016+0.000002j)  (0.062809-0.000000j)  (0.000019+0.000018j)  (0.000010-0.000008j)  (0.000007+0.000043j)  (-0.000025-0.000039j)  (0.000004-0.000009j)  (-0.000001-0.000003j)  (0.000005-0.000001j)  (0.000019-0.000018j)  (0.149927+0.000000j)  (0.000025+0.000006j)  (-0.000012+0.000004j)  (-0.000004+0.000008j)  (0.000014-0.000012j)  (-0.000087-0.000069j)  (-0.000018-0.000022j)  (0.000010+0.000008j)  (0.000025-0.000006j)  (0.198434-0.000000j)  (0.000014+0.000001j)  (0.000022-0.000002j)  (-0.000050-0.000061j)  (0.000004+0.000003j)  (-0.000027-0.000073j)  (0.000007-0.000043j)  (-0.000012-0.000004j)  (0.000014-0.000001j)  (0.014342+0.000000j)  (0.000015+0.000002j)  (0.000010+0.000005j)  (-0.000009+0.000004j)  (0.000010+0.000017j)  (-0.000025+0.000039j)  (-0.000004-0.000008j)  (0.000022+0.000002j)  (0.000015-0.000002j)  (0.232459-0.000000j)  (0.000006+0.000001j)  (0.000002-0.000014j)  (-0.000000-0.000004j)  (0.000004+0.000009j)  (0.000014+0.000012j)  (-0.000050+0.000061j)  (0.000010-0.000005j)  (0.000006-0.000001j)  (0.166807+0.000000j)  (0.001271-0.001058j)  (-0.000011-0.000007j)  (-0.000001+0.000003j)  (-0.000087+0.000069j)  (0.000004-0.000003j)  (-0.000009-0.000004j)  (0.000002+0.000014j)  (0.001271+0.001058j)  (0.165368-0.000000j)
