 (0.058776-0.000000j)  (-0.000107+0.000017j)  (0.000029+0.000460j)  (0.000031-0.000006j)  (-0.000198+0.000000j)  (0.000014-0.000048j)  (-0.000020+0.000019j)  (-0.000068-0.000061j)  (0.000018+0.000029j)  (0.000162-0.000310j)  (-0.000014-0.000000j)  (0.000022+0.000026j)  (0.000006+0.000018j)  (0.000082-0.000021j)  (-0.000025-0.000011j)  (-0.000019-0.000037j)  (0.000034+0.000005j)  (0.000049-0.000015j)  (-0.000013-0.000002j)  (-0.000005-0.000004j)  (0.000002+0.000038j)  (0.000006-0.000024j)  (0.000004+0.000002j)  (0.000028+0.000002j)  (-0.000015+0.000029j)  (0.000163-0.000233j)  (0.000044-0.000078j)  (0.000063+0.000003j)  (0.000013-0.000024j)  (0.000021-0.000004j)  (0.000006+0.000026j)  (0.000003-0.000029j)  (-0.000107-0.000017j)  (0.035682-0.000000j)  (-0.000018+0.000000j)  (-0.000040+0.000007j)  (-0.000006-0.000022j)  (-0.000000+0.000015j)  (-0.000019-0.000010j)  (0.000009+0.000013j)  (0.000027+0.000020j)  (0.000016+0.000006j)  (-0.000017-0.000029j)  (0.000056-0.000083j)  (-0.000025+0.000001j)  (0.000007+0.000008j)  (0.000231+0.000044j)  (-0.000017+0.000010j)  (0.000096+0.000152j)  (-0.000047+0.000057j)  (-0.000005-0.000031j)  (-0.000020-0.000039j)  (-0.000024+0.000041j)  (0.000012+0.000005j)  (-0.000027-0.000061j)  (-0.000008-0.000003j)  (0.000022+0.000068j)  (0.000016+0.000027j)  (-0.000114-0.000040j)  (0.000062-0.000080j)  (-0.000003+0.000072j)  (0.000019+0.000030j)  (0.000185-0.000222j)  (0.000001-0.000006j)  (0.000029-0.000460j)  (-0.000018-0.000000j)  (0.059256+0.000000j)  (0.000005+0.000044j)  (-0.000223-0.000001j)  (0.000031+0.000010j)  (-0.000017+0.000009j)  (-0.000006-0.000053j)  (-0.000006+0.000007j)  (0.000327+0.000211j)  (0.000001-0.000006j)  (-0.000053-0.000040j)  (-0.000009+0.000000j)  (-0.000029+0.000148j)  (0.000005-0.000021j)  (0.000026+0.000019j)  (-0.000048+0.000024j)  (0.000019-0.000016j)  (-0.000001-0.000003j)  (0.000010+0.000015j)  (0.000013-0.000005j)  (-0.000000-0.000000j)  (0.000001+0.000005j)  (-0.000011+0.000007j)  (0.000001-0.000095j)  (-0.000135+0.000460j)  (0.000017-0.000034j)  (0.000225+0.000073j)  (0.000022+0.000017j)  (-0.000000+0.000011j)  (0.000027+0.000024j)  (-0.000010+0.000024j)  (0.000031+0.000006j)  (-0.000040-0.000007j)  (0.000005-0.000044j)  (0.026155-0.000000j)  (-0.000006-0.000014j)  (-0.000004+0.000021j)  (-0.000052-0.000034j)  (-0.000006-0.000003j)  (0.000000-0.000049j)  (-0.000014+0.000009j)  (-0.000014+0.000015j)  (-0.000032-0.000010j)  (0.000017+0.000006j)  (-0.000003+0.000005j)  (0.000133-0.000040j)  (0.000030+0.000014j)  (0.000003+0.000018j)  (-0.000143-0.000512j)  (0.000134-0.000026j)  (0.000048-0.000085j)  (-0.000018-0.000006j)  (0.000033-0.000042j)  (-0.000070+0.000116j)  (0.000012-0.000016j)  (0.000050+0.000015j)  (0.000015-0.000007j)  (0.000004+0.000063j)  (-0.000020-0.000020j)  (0.000017-0.000028j)  (0.000005+0.000374j)  (0.000078+0.000042j)  (0.000000-0.000017j)  (-0.000198-0.000000j)  (-0.000006+0.000022j)  (-0.000223+0.000001j)  (-0.000006+0.000014j)  (0.057873-0.000000j)  (0.000007-0.000007j)  (-0.000033+0.000004j)  (0.000021-0.000008j)  (0.000002-0.000008j)  (-0.000023-0.000196j)  (0.000026+0.000010j)  (0.000051-0.000018j)  (0.000001+0.000004j)  (0.000160+0.000055j)  (-0.000002+0.000038j)  (0.000001+0.000014j)  (-0.000006-0.000034j)  (0.000024-0.000005j)  (-0.000022+0.000005j)  (0.000030-0.000000j)  (-0.000007+0.000026j)  (0.000017-0.000008j)  (-0.000002-0.000014j)  (-0.000018+0.000018j)  (-0.000001+0.000041j)  (-0.000025-0.000277j)  (0.000013+0.000010j)  (0.000046-0.000045j)  (-0.000030-0.000025j)  (0.000004-0.000017j)  (-0.000002-0.000036j)  (0.000055+0.000073j)  (0.000014+0.000048j)  (-0.000000-0.000015j)  (0.000031-0.000010j)  (-0.000004-0.000021j)  (0.000007+0.000007j)  (0.003762+0.000000j)  (0.000205-0.000195j)  (-0.000002-0.000016j)  (0.000133-0.000089j)  (0.000021+0.000024j)  (0.000060-0.000328j)  (0.000016-0.000011j)  (0.000236-0.000278j)  (0.000005-0.000004j)  (0.000017-0.000017j)  (0.000169+0.000143j)  (0.000003-0.000017j)  (-0.000008+0.000007j)  (-0.000037+0.000042j)  (-0.000031+0.000003j)  (-0.000054-0.000104j)  (-0.000015+0.000031j)  (0.000047+0.000041j)  (-0.000148+0.000061j)  (-0.000006+0.000036j)  (-0.000016+0.000047j)  (-0.000006-0.000013j)  (-0.000010+0.000007j)  (-0.000012+0.000027j)  (-0.000006+0.000003j)  (-0.000029-0.000022j)  (0.000016-0.000009j)  (-0.000020-0.000019j)  (-0.000019+0.000010j)  (-0.000017-0.000009j)  (-0.000052+0.000034j)  (-0.000033-0.000004j)  (0.000205+0.000195j)  (0.001611+0.000000j)  (-0.000031+0.000005j)  (-0.000094-0.000019j)  (-0.000009-0.000026j)  (0.000075-0.000008j)  (-0.000012+0.000005j)  (0.000038+0.000025j)  (-0.000031-0.000002j)  (0.000006-0.000008j)  (-0.000104+0.000091j)  (-0.000012-0.000017j)  (-0.000007+0.000086j)  (-0.000015-0.000010j)  (0.000028+0.000050j)  (-0.000110+0.000119j)  (-0.000046+0.000000j)  (0.000038+0.000010j)  (0.000314-0.000020j)  (0.000003-0.000019j)  (0.000008+0.000006j)  (0.000009-0.000008j)  (0.000013+0.000015j)  (0.000014+0.000003j)  (0.000024-0.000024j)  (-0.000003-0.000010j)  (0.000014+0.000001j)  (-0.000068+0.000061j)  (0.000009-0.000013j)  (-0.000006+0.000053j)  (-0.000006+0.000003j)  (0.000021+0.000008j)  (-0.000002+0.000016j)  (-0.000031-0.000005j)  (0.043305+0.000000j)  (0.000029-0.000021j)  (-0.000002+0.000023j)  (0.000002+0.000036j)  (0.000117+0.000038j)  (-0.000010-0.000011j)  (-0.000047+0.000120j)  (0.000035+0.000159j)  (0.000005+0.000003j)  (-0.000070+0.000217j)  (-0.000023-0.000074j)  (-0.000033-0.000005j)  (-0.000000-0.000001j)  (0.000015+0.000014j)  (0.000002+0.000001j)  (-0.000028-0.000003j)  (0.000003+0.000023j)  (0.000109-0.000179j)  (0.000003+0.000016j)  (0.000162-0.000057j)  (-0.000010-0.000033j)  (-0.001213-0.000132j)  (-0.000035-0.000042j)  (0.000065-0.000036j)  (0.000026-0.000200j)  (0.000018-0.000029j)  (0.000027-0.000020j)  (-0.000006-0.000007j)  (0.000000+0.000049j)  (0.000002+0.000008j)  (0.000133+0.000089j)  (-0.000094+0.000019j)  (0.000029+0.000021j)  (0.008827+0.000000j)  (-0.000012+0.000032j)  (0.000079+0.000061j)  (-0.000004+0.000020j)  (-0.000014+0.000142j)  (-0.000063-0.000016j)  (-0.000003+0.000021j)  (-0.000074+0.000058j)  (-0.000001+0.000014j)  (-0.000109+0.000022j)  (0.000039+0.000016j)  (-0.000084+0.000084j)  (0.000111-0.000105j)  (0.000084+0.000163j)  (0.000047-0.000021j)  (-0.000207+0.000472j)  (0.000006-0.000014j)  (-0.000004-0.000006j)  (-0.000001-0.000012j)  (-0.000003+0.000016j)  (-0.000017-0.000015j)  (0.000060-0.000004j)  (-0.000012+0.000001j)  (0.000001+0.000038j)  (0.000162+0.000310j)  (0.000016-0.000006j)  (0.000327-0.000211j)  (-0.000014-0.000009j)  (-0.000023+0.000196j)  (0.000021-0.000024j)  (-0.000009+0.000026j)  (-0.000002-0.000023j)  (-0.000012-0.000032j)  (0.061905+0.000000j)  (0.000000-0.000017j)  (0.000032-0.000022j)  (-0.000001-0.000003j)  (-0.000009+0.000020j)  (0.000041-0.000079j)  (-0.000018-0.000004j)  (0.000197-0.000079j)  (-0.000012-0.000009j)  (-0.000015+0.000008j)  (-0.000028-0.000016j)  (0.000011-0.000031j)  (0.000005+0.000003j)  (0.000016+0.000030j)  (-0.000013-0.000011j)  (0.000093+0.000013j)  (0.000223+0.000061j)  (0.000057-0.000064j)  (-0.000028+0.000017j)  (0.000032+0.000020j)  (0.000001-0.000012j)  (0.000041-0.000030j)  (-0.000056-0.000030j)  (-0.000014+0.000000j)  (-0.000017+0.000029j)  (0.000001+0.000006j)  (-0.000014-0.000015j)  (0.000026-0.000010j)  (0.000060+0.000328j)  (0.000075+0.000008j)  (0.000002-0.000036j)  (0.000079-0.000061j)  (0.000000+0.000017j)  (0.000278+0.000000j)  (-0.000023-0.000011j)  (0.000085+0.000228j)  (-0.000021-0.000010j)  (0.000007+0.000001j)  (-0.000125-0.000066j)  (0.000024-0.000016j)  (-0.000110-0.000005j)  (-0.000017-0.000028j)  (0.000064-0.000012j)  (-0.000124-0.000317j)  (-0.000054+0.000025j)  (0.000033-0.000015j)  (-0.000119+0.000047j)  (-0.000002+0.000015j)  (0.000005-0.000013j)  (0.000003+0.000002j)  (-0.000003+0.000031j)  (0.000002+0.000005j)  (0.000014+0.000030j)  (0.000016+0.000011j)  (-0.000004-0.000004j)  (0.000022-0.000026j)  (0.000056+0.000083j)  (-0.000053+0.000040j)  (-0.000032+0.000010j)  (0.000051+0.000018j)  (0.000016+0.000011j)  (-0.000012-0.000005j)  (0.000117-0.000038j)  (-0.000004-0.000020j)  (0.000032+0.000022j)  (-0.000023+0.000011j)  (0.038389+0.000000j)  (-0.000030-0.000016j)  (-0.000012-0.000007j)  (0.000294+0.000052j)  (0.000006-0.000013j)  (-0.000030+0.000108j)  (0.000016+0.000002j)  (-0.000009-0.000027j)  (0.000004+0.000010j)  (0.000019+0.000001j)  (-0.000008+0.000019j)  (-0.000024-0.000033j)  (0.000003-0.000006j)  (-0.000027+0.000119j)  (0.000043-0.000000j)  (-0.000042+0.000078j)  (0.000061+0.000000j)  (-0.000445+0.000313j)  (0.000013-0.000056j)  (0.000455-0.000045j)  (0.000012+0.000002j)  (0.000006-0.000018j)  (-0.000025-0.000001j)  (-0.000009-0.000000j)  (0.000017-0.000006j)  (0.000001-0.000004j)  (0.000236+0.000278j)  (0.000038-0.000025j)  (-0.000010+0.000011j)  (-0.000014-0.000142j)  (-0.000001+0.000003j)  (0.000085-0.000228j)  (-0.000030+0.000016j)  (0.004903-0.000000j)  (-0.000036-0.000020j)  (-0.000008-0.000005j)  (-0.000246-0.000068j)  (0.000008+0.000011j)  (-0.000002+0.000041j)  (0.000002+0.000074j)  (-0.000044+0.000027j)  (0.000092-0.000264j)  (-0.000038-0.000007j)  (0.000032-0.000005j)  (-0.000057-0.000223j)  (0.000010+0.000002j)  (0.000009-0.000020j)  (-0.000016-0.000016j)  (-0.000011-0.000017j)  (0.000013+0.000016j)  (-0.000001+0.000003j)  (0.000010-0.000003j)  (-0.000018+0.000001j)  (0.000082+0.000021j)  (0.000007-0.000008j)  (-0.000029-0.000148j)  (-0.000003-0.000005j)  (0.000160-0.000055j)  (0.000005+0.000004j)  (-0.000031+0.000002j)  (-0.000047-0.000120j)  (-0.000063+0.000016j)  (-0.000009-0.000020j)  (-0.000021+0.000010j)  (-0.000012+0.000007j)  (-0.000036+0.000020j)  (0.049161-0.000000j)  (0.000011-0.000026j)  (0.000003+0.000002j)  (-0.000166+0.000489j)  (0.000015-0.000003j)  (0.000030+0.000018j)  (0.000012+0.000022j)  (0.000020-0.000009j)  (-0.000019+0.000005j)  (-0.000016-0.000005j)  (0.000013+0.000003j)  (0.000679-0.000629j)  (0.000001+0.000046j)  (0.000134-0.000144j)  (-0.000315-0.000522j)  (0.000167-0.000065j)  (-0.000002+0.000024j)  (0.000029-0.000090j)  (-0.000006+0.000112j)  (-0.000025+0.000011j)  (0.000231-0.000044j)  (0.000005+0.000021j)  (0.000133+0.000040j)  (-0.000002-0.000038j)  (0.000017+0.000017j)  (0.000006+0.000008j)  (0.000035-0.000159j)  (-0.000003-0.000021j)  (0.000041+0.000079j)  (0.000007-0.000001j)  (0.000294-0.000052j)  (-0.000008+0.000006j)  (0.000011+0.000026j)  (0.035645+0.000000j)  (0.000008-0.000016j)  (-0.000006+0.000018j)  (-0.000010+0.000122j)  (0.000003-0.000011j)  (0.000009-0.000070j)  (0.000008-0.000023j)  (0.000023+0.000032j)  (-0.000003+0.000011j)  (0.000000-0.000020j)  (-0.000008+0.000036j)  (-0.000029+0.000028j)  (0.000017+0.000006j)  (0.000033-0.000030j)  (-0.000127-0.000045j)  (-0.000008+0.000134j)  (0.000113-0.000072j)  (-0.000071-0.000015j)  (-0.000019+0.000037j)  (-0.000017-0.000010j)  (0.000026-0.000019j)  (0.000030-0.000014j)  (0.000001-0.000014j)  (0.000169-0.000143j)  (-0.000104-0.000091j)  (0.000005-0.000003j)  (-0.000074-0.000058j)  (-0.000018+0.000004j)  (-0.000125+0.000066j)  (0.000006+0.000013j)  (-0.000246+0.000068j)  (0.000003-0.000002j)  (0.000008+0.000016j)  (0.008803-0.000000j)  (0.000015+0.000001j)  (0.000025-0.000003j)  (0.000125-0.000102j)  (-0.000007-0.000011j)  (-0.000195+0.000300j)  (0.000110-0.000025j)  (0.000012+0.000080j)  (0.000137+0.000032j)  (0.000001-0.000012j)  (0.000021+0.000025j)  (-0.000011+0.000016j)  (0.000006+0.000002j)  (0.000015+0.000013j)  (0.000023-0.000023j)  (0.000034-0.000017j)  (-0.000008+0.000012j)  (0.000034-0.000005j)  (0.000096-0.000152j)  (-0.000048-0.000024j)  (0.000003-0.000018j)  (-0.000006+0.000034j)  (0.000003+0.000017j)  (-0.000012+0.000017j)  (-0.000070-0.000217j)  (-0.000001-0.000014j)  (0.000197+0.000079j)  (0.000024+0.000016j)  (-0.000030-0.000108j)  (0.000008-0.000011j)  (-0.000166-0.000489j)  (-0.000006-0.000018j)  (0.000015-0.000001j)  (0.049366+0.000000j)  (0.000017+0.000003j)  (0.000012-0.000029j)  (-0.000015+0.000047j)  (0.000006-0.000001j)  (-0.000018-0.000007j)  (-0.000001-0.000033j)  (0.000026+0.000014j)  (0.000238+0.000060j)  (-0.000103-0.000173j)  (0.000087-0.000189j)  (-0.000073-0.000177j)  (-0.000053+0.000002j)  (0.000048+0.000066j)  (-0.000011+0.000082j)  (0.000142+0.000211j)  (0.000049+0.000015j)  (-0.000047-0.000057j)  (0.000019+0.000016j)  (-0.000143+0.000512j)  (0.000024+0.000005j)  (-0.000008-0.000007j)  (-0.000007-0.000086j)  (-0.000023+0.000074j)  (-0.000109-0.000022j)  (-0.000012+0.000009j)  (-0.000110+0.000005j)  (0.000016-0.000002j)  (-0.000002-0.000041j)  (0.000015+0.000003j)  (-0.000010-0.000122j)  (0.000025+0.000003j)  (0.000017-0.000003j)  (0.026927-0.000000j)  (-0.000101+0.000057j)  (-0.000001+0.000050j)  (0.000011+0.000076j)  (0.000031-0.000052j)  (0.000076+0.000296j)  (0.000032-0.000021j)  (-0.000031-0.000034j)  (-0.000002-0.000013j)  (-0.000020-0.000029j)  (0.000018+0.000006j)  (0.000075-0.000004j)  (-0.000266+0.000232j)  (0.000158-0.000054j)  (-0.000033-0.000005j)  (-0.000013+0.000002j)  (-0.000005+0.000031j)  (-0.000001+0.000003j)  (0.000134+0.000026j)  (-0.000022-0.000005j)  (-0.000037-0.000042j)  (-0.000015+0.000010j)  (-0.000033+0.000005j)  (0.000039-0.000016j)  (-0.000015-0.000008j)  (-0.000017+0.000028j)  (-0.000009+0.000027j)  (0.000002-0.000074j)  (0.000030-0.000018j)  (0.000003+0.000011j)  (0.000125+0.000102j)  (0.000012+0.000029j)  (-0.000101-0.000057j)  (0.016867-0.000000j)  (0.001048-0.000036j)  (0.000049+0.000114j)  (0.000064+0.000152j)  (-0.000202-0.000112j)  (-0.000005+0.000035j)  (-0.000002+0.000020j)  (-0.000024+0.000017j)  (0.000003+0.000009j)  (-0.000039+0.000003j)  (0.000028-0.000011j)  (0.000038+0.000038j)  (0.000012-0.000025j)  (-0.000013+0.000008j)  (-0.000005+0.000004j)  (-0.000020+0.000039j)  (0.000010-0.000015j)  (0.000048+0.000085j)  (0.000030+0.000000j)  (-0.000031-0.000003j)  (0.000028-0.000050j)  (-0.000000+0.000001j)  (-0.000084-0.000084j)  (-0.000028+0.000016j)  (0.000064+0.000012j)  (0.000004-0.000010j)  (-0.000044-0.000027j)  (0.000012-0.000022j)  (0.000009+0.000070j)  (-0.000007+0.000011j)  (-0.000015-0.000047j)  (-0.000001-0.000050j)  (0.001048+0.000036j)  (0.017958-0.000000j)  (0.000024+0.000006j)  (0.000469+0.000384j)  (-0.000085-0.000123j)  (-0.000042+0.000026j)  (0.000035+0.000030j)  (0.000008-0.000012j)  (0.000004+0.000002j)  (-0.000005+0.000011j)  (0.000010-0.000001j)  (0.000122-0.000096j)  (-0.000002-0.000047j)  (0.000012-0.000001j)  (0.000002-0.000038j)  (-0.000024-0.000041j)  (0.000013+0.000005j)  (-0.000018+0.000006j)  (-0.000007-0.000026j)  (-0.000054+0.000104j)  (-0.000110-0.000119j)  (0.000015-0.000014j)  (0.000111+0.000105j)  (0.000011+0.000031j)  (-0.000124+0.000317j)  (0.000019-0.000001j)  (0.000092+0.000264j)  (0.000020+0.000009j)  (0.000008+0.000023j)  (-0.000195-0.000300j)  (0.000006+0.000001j)  (0.000011-0.000076j)  (0.000049-0.000114j)  (0.000024-0.000006j)  (0.003929+0.000000j)  (0.000050-0.000027j)  (-0.000029+0.000012j)  (0.000132-0.000375j)  (0.000002+0.000010j)  (-0.000010-0.000026j)  (-0.000006-0.000003j)  (-0.000004-0.000000j)  (-0.000003-0.000014j)  (0.000004-0.000000j)  (-0.000022+0.000017j)  (-0.000000+0.000008j)  (0.000006+0.000024j)  (0.000012-0.000005j)  (-0.000000+0.000000j)  (0.000033+0.000042j)  (0.000017+0.000008j)  (-0.000015-0.000031j)  (-0.000046-0.000000j)  (0.000002-0.000001j)  (0.000084-0.000163j)  (0.000005-0.000003j)  (-0.000054-0.000025j)  (-0.000008-0.000019j)  (-0.000038+0.000007j)  (-0.000019-0.000005j)  (0.000023-0.000032j)  (0.000110+0.000025j)  (-0.000018+0.000007j)  (0.000031+0.000052j)  (0.000064-0.000152j)  (0.000469-0.000384j)  (0.000050+0.000027j)  (0.016598+0.000000j)  (0.000086-0.000229j)  (0.000092-0.000041j)  (-0.000022-0.000006j)  (-0.000010+0.000010j)  (0.000027+0.000056j)  (-0.000014-0.000005j)  (0.000038-0.000017j)  (-0.000007+0.000001j)  (0.000108+0.000011j)  (-0.000010+0.000001j)  (0.000004-0.000002j)  (-0.000027+0.000061j)  (0.000001-0.000005j)  (-0.000070-0.000116j)  (-0.000002+0.000014j)  (0.000047-0.000041j)  (0.000038-0.000010j)  (-0.000028+0.000003j)  (0.000047+0.000021j)  (0.000016-0.000030j)  (0.000033+0.000015j)  (-0.000024+0.000033j)  (0.000032+0.000005j)  (-0.000016+0.000005j)  (-0.000003-0.000011j)  (0.000012-0.000080j)  (-0.000001+0.000033j)  (0.000076-0.000296j)  (-0.000202+0.000112j)  (-0.000085+0.000123j)  (-0.000029-0.000012j)  (0.000086+0.000229j)  (0.016101-0.000000j)  (0.000087-0.000026j)  (0.000012-0.000024j)  (0.000046-0.000010j)  (-0.000004-0.000014j)  (-0.000023+0.000015j)  (-0.000002-0.000046j)  (0.000182-0.000016j)  (0.000009+0.000009j)  (-0.000040-0.000018j)  (0.000028-0.000002j)  (-0.000008+0.000003j)  (-0.000011-0.000007j)  (0.000012+0.000016j)  (-0.000018-0.000018j)  (-0.000148-0.000061j)  (0.000314+0.000020j)  (0.000003-0.000023j)  (-0.000207-0.000472j)  (-0.000013+0.000011j)  (-0.000119-0.000047j)  (0.000003+0.000006j)  (-0.000057+0.000223j)  (0.000013-0.000003j)  (0.000000+0.000020j)  (0.000137-0.000032j)  (0.000026-0.000014j)  (0.000032+0.000021j)  (-0.000005-0.000035j)  (-0.000042-0.000026j)  (0.000132+0.000375j)  (0.000092+0.000041j)  (0.000087+0.000026j)  (0.005164-0.000000j)  (-0.000021-0.000022j)  (0.000015+0.000008j)  (-0.000000-0.000009j)  (-0.000009-0.000013j)  (-0.000001+0.000033j)  (0.000008+0.000018j)  (0.000002+0.000010j)  (0.000004+0.000001j)  (-0.000015-0.000029j)  (0.000022-0.000068j)  (0.000001+0.000095j)  (0.000050-0.000015j)  (-0.000001-0.000041j)  (-0.000006-0.000036j)  (0.000003+0.000019j)  (0.000109+0.000179j)  (0.000006+0.000014j)  (0.000093-0.000013j)  (-0.000002-0.000015j)  (-0.000027-0.000119j)  (0.000010-0.000002j)  (0.000679+0.000629j)  (-0.000008-0.000036j)  (0.000001+0.000012j)  (0.000238-0.000060j)  (-0.000031+0.000034j)  (-0.000002-0.000020j)  (0.000035-0.000030j)  (0.000002-0.000010j)  (-0.000022+0.000006j)  (0.000012+0.000024j)  (-0.000021+0.000022j)  (0.048944+0.000000j)  (0.000029-0.000016j)  (-0.000217+0.000008j)  (-0.000221+0.000727j)  (-0.000035-0.000041j)  (-0.000027-0.000042j)  (0.000016+0.000060j)  (0.000230+0.000447j)  (0.000163+0.000233j)  (0.000016-0.000027j)  (-0.000135-0.000460j)  (0.000015+0.000007j)  (-0.000025+0.000277j)  (-0.000016-0.000047j)  (0.000008-0.000006j)  (0.000003-0.000016j)  (-0.000004+0.000006j)  (0.000223-0.000061j)  (0.000005+0.000013j)  (0.000043+0.000000j)  (0.000009+0.000020j)  (0.000001-0.000046j)  (-0.000029-0.000028j)  (0.000021-0.000025j)  (-0.000103+0.000173j)  (-0.000002+0.000013j)  (-0.000024-0.000017j)  (0.000008+0.000012j)  (-0.000010+0.000026j)  (-0.000010-0.000010j)  (0.000046+0.000010j)  (0.000015-0.000008j)  (0.000029+0.000016j)  (0.059949-0.000000j)  (0.000073+0.000044j)  (-0.000089-0.000114j)  (0.000020+0.000008j)  (-0.000007-0.000006j)  (-0.000006-0.000003j)  (-0.000036-0.000041j)  (0.000044+0.000078j)  (-0.000114+0.000040j)  (0.000017+0.000034j)  (0.000004-0.000063j)  (0.000013-0.000010j)  (-0.000006+0.000013j)  (0.000009+0.000008j)  (0.000162+0.000057j)  (-0.000001+0.000012j)  (0.000057+0.000064j)  (0.000003-0.000002j)  (-0.000042-0.000078j)  (-0.000016+0.000016j)  (0.000134+0.000144j)  (0.000017-0.000006j)  (-0.000011-0.000016j)  (0.000087+0.000189j)  (-0.000020+0.000029j)  (0.000003-0.000009j)  (0.000004-0.000002j)  (-0.000006+0.000003j)  (0.000027-0.000056j)  (-0.000004+0.000014j)  (-0.000000+0.000009j)  (-0.000217-0.000008j)  (0.000073-0.000044j)  (0.046881+0.000000j)  (0.000490-0.000033j)  (0.000072+0.000001j)  (0.000025-0.000006j)  (0.000045+0.000002j)  (0.000004-0.000532j)  (0.000063-0.000003j)  (0.000062+0.000080j)  (0.000225-0.000073j)  (-0.000020+0.000020j)  (0.000046+0.000045j)  (-0.000010-0.000007j)  (0.000013-0.000015j)  (-0.000010+0.000033j)  (-0.000003-0.000016j)  (-0.000028-0.000017j)  (-0.000003-0.000031j)  (0.000061-0.000000j)  (-0.000011+0.000017j)  (-0.000315+0.000522j)  (0.000033+0.000030j)  (0.000006-0.000002j)  (-0.000073+0.000177j)  (0.000018-0.000006j)  (-0.000039-0.000003j)  (-0.000005-0.000011j)  (-0.000004+0.000000j)  (-0.000014+0.000005j)  (-0.000023-0.000015j)  (-0.000009+0.000013j)  (-0.000221-0.000727j)  (-0.000089+0.000114j)  (0.000490+0.000033j)  (0.049373+0.000000j)  (-0.000184+0.000103j)  (0.000011+0.000023j)  (-0.000031+0.000043j)  (0.000130-0.000057j)  (0.000013+0.000024j)  (-0.000003-0.000072j)  (0.000022-0.000017j)  (0.000017+0.000028j)  (-0.000030+0.000025j)  (-0.000012-0.000027j)  (0.000014-0.000003j)  (-0.001213+0.000132j)  (-0.000017+0.000015j)  (0.000032-0.000020j)  (0.000002-0.000005j)  (-0.000445-0.000313j)  (0.000013-0.000016j)  (0.000167+0.000065j)  (-0.000127+0.000045j)  (0.000015-0.000013j)  (-0.000053-0.000002j)  (0.000075+0.000003j)  (0.000028+0.000011j)  (0.000010+0.000001j)  (-0.000003+0.000014j)  (0.000038+0.000017j)  (-0.000002+0.000046j)  (-0.000001-0.000033j)  (-0.000035+0.000041j)  (0.000020-0.000008j)  (0.000072-0.000001j)  (-0.000184-0.000103j)  (0.041386-0.000000j)  (-0.000079+0.000016j)  (0.000043+0.000073j)  (-0.000237+0.000011j)  (0.000021+0.000004j)  (0.000019-0.000030j)  (-0.000000-0.000011j)  (0.000005-0.000374j)  (0.000004+0.000017j)  (-0.000006-0.000003j)  (0.000024+0.000024j)  (-0.000035+0.000042j)  (0.000060+0.000004j)  (0.000001+0.000012j)  (0.000014-0.000030j)  (0.000013+0.000056j)  (-0.000001-0.000003j)  (-0.000002-0.000024j)  (-0.000008-0.000134j)  (0.000023+0.000023j)  (0.000048-0.000066j)  (-0.000266-0.000232j)  (0.000038-0.000038j)  (0.000122+0.000096j)  (0.000004+0.000000j)  (-0.000007-0.000001j)  (0.000182+0.000016j)  (0.000008-0.000018j)  (-0.000027+0.000042j)  (-0.000007+0.000006j)  (0.000025+0.000006j)  (0.000011-0.000023j)  (-0.000079-0.000016j)  (0.026054-0.000000j)  (0.000123-0.000085j)  (0.000023-0.000005j)  (0.000006-0.000026j)  (0.000185+0.000222j)  (0.000027-0.000024j)  (0.000078-0.000042j)  (-0.000002+0.000036j)  (-0.000029+0.000022j)  (-0.000003+0.000010j)  (0.000065+0.000036j)  (-0.000012-0.000001j)  (0.000041+0.000030j)  (0.000016-0.000011j)  (0.000455+0.000045j)  (0.000010+0.000003j)  (0.000029+0.000090j)  (0.000113+0.000072j)  (0.000034+0.000017j)  (-0.000011-0.000082j)  (0.000158+0.000054j)  (0.000012+0.000025j)  (-0.000002+0.000047j)  (-0.000022-0.000017j)  (0.000108-0.000011j)  (0.000009-0.000009j)  (0.000002-0.000010j)  (0.000016-0.000060j)  (-0.000006+0.000003j)  (0.000045-0.000002j)  (-0.000031-0.000043j)  (0.000043-0.000073j)  (0.000123+0.000085j)  (0.035330+0.000000j)  (0.000015+0.000098j)  (0.000003+0.000029j)  (0.000001+0.000006j)  (-0.000010-0.000024j)  (0.000000+0.000017j)  (0.000055-0.000073j)  (0.000016+0.000009j)  (0.000014-0.000001j)  (0.000026+0.000200j)  (0.000001-0.000038j)  (-0.000056+0.000030j)  (-0.000004+0.000004j)  (0.000012-0.000002j)  (-0.000018-0.000001j)  (-0.000006-0.000112j)  (-0.000071+0.000015j)  (-0.000008-0.000012j)  (0.000142-0.000211j)  (-0.000033+0.000005j)  (-0.000013-0.000008j)  (0.000012+0.000001j)  (-0.000000-0.000008j)  (-0.000010-0.000001j)  (-0.000040+0.000018j)  (0.000004-0.000001j)  (0.000230-0.000447j)  (-0.000036+0.000041j)  (0.000004+0.000532j)  (0.000130+0.000057j)  (-0.000237-0.000011j)  (0.000023+0.000005j)  (0.000015-0.000098j)  (0.044842+0.000000j)
