 (0.047945-0.000000j)  (-0.000043-0.000096j)  (-0.000025+0.000015j)  (-0.000045+0.000035j)  (-0.000005+0.000009j)  (-0.000015-0.000180j)  (-0.000013+0.000037j)  (-0.000033+0.000023j)  (0.000021-0.000008j)  (0.000011-0.000003j)  (-0.000044-0.000031j)  (-0.000008-0.000058j)  (-0.000025+0.000005j)  (0.000009+0.000032j)  (0.000009-0.000020j)  (0.000005-0.000017j)  (-0.000043+0.000096j)  (0.023406-0.000000j)  (0.000003-0.000019j)  (-0.000007-0.000002j)  (-0.000029-0.000026j)  (0.000016+0.000011j)  (0.000037+0.000040j)  (-0.000012+0.000000j)  (0.000024+0.000015j)  (0.000012-0.000015j)  (0.000024-0.000030j)  (0.000351+0.000276j)  (0.000336+0.000302j)  (-0.000012+0.000017j)  (0.000008+0.000005j)  (0.000004-0.000010j)  (-0.000025-0.000015j)  (0.000003+0.000019j)  (0.110396+0.000000j)  (0.000005+0.000037j)  (0.000003+0.000016j)  (-0.000013-0.000003j)  (0.000006-0.000007j)  (0.000016-0.000022j)  (0.000009+0.000020j)  (-0.000008-0.000006j)  (0.000006-0.000001j)  (-0.000012-0.000018j)  (-0.000006+0.000023j)  (-0.000005-0.000018j)  (0.000014-0.000012j)  (0.000048-0.000022j)  (-0.000045-0.000035j)  (-0.000007+0.000002j)  (0.000005-0.000037j)  (0.067946+0.000000j)  (-0.000075+0.000152j)  (-0.000055-0.000002j)  (0.000025-0.000027j)  (0.000008+0.000081j)  (0.000167+0.000254j)  (-0.000021+0.000030j)  (0.000004+0.000011j)  (0.000010+0.000013j)  (-0.000015+0.000006j)  (-0.000002+0.000088j)  (-0.000021-0.000009j)  (0.000016+0.000002j)  (-0.000005-0.000009j)  (-0.000029+0.000026j)  (0.000003-0.000016j)  (-0.000075-0.000152j)  (0.072787+0.000000j)  (0.000055-0.000029j)  (0.000005+0.000020j)  (0.000009-0.000327j)  (-0.000148-0.000336j)  (-0.000015+0.000101j)  (0.000056+0.000010j)  (0.000024+0.000011j)  (0.000005+0.000004j)  (-0.000018+0.000081j)  (0.000032+0.000027j)  (-0.000030-0.000041j)  (-0.000015+0.000180j)  (0.000016-0.000011j)  (-0.000013+0.000003j)  (-0.000055+0.000002j)  (0.000055+0.000029j)  (0.055354-0.000000j)  (-0.000018-0.000006j)  (0.000006-0.000048j)  (-0.000004+0.000029j)  (-0.000005-0.000008j)  (-0.000142-0.000028j)  (-0.000021+0.000000j)  (0.000024-0.000013j)  (-0.000015+0.000009j)  (0.000040-0.000022j)  (0.000018-0.000017j)  (-0.000013-0.000037j)  (0.000037-0.000040j)  (0.000006+0.000007j)  (0.000025+0.000027j)  (0.000005-0.000020j)  (-0.000018+0.000006j)  (0.021761-0.000000j)  (0.000007+0.000001j)  (-0.000000+0.000013j)  (0.000007+0.000018j)  (0.000003+0.000014j)  (0.000328+0.000408j)  (0.000144+0.000494j)  (-0.000001+0.000002j)  (0.000020+0.000007j)  (0.000006-0.000007j)  (-0.000033-0.000023j)  (-0.000012-0.000000j)  (0.000016+0.000022j)  (0.000008-0.000081j)  (0.000009+0.000327j)  (0.000006+0.000048j)  (0.000007-0.000001j)  (0.068691+0.000000j)  (0.000104-0.000102j)  (-0.000044-0.000019j)  (0.000006-0.000009j)  (-0.000007-0.000011j)  (-0.000000+0.000020j)  (-0.000029+0.000015j)  (0.000010+0.000007j)  (0.000019-0.000018j)  (0.000021+0.000008j)  (0.000024-0.000015j)  (0.000009-0.000020j)  (0.000167-0.000254j)  (-0.000148+0.000336j)  (-0.000004-0.000029j)  (-0.000000-0.000013j)  (0.000104+0.000102j)  (0.074073+0.000000j)  (-0.000070-0.000025j)  (-0.000013-0.000037j)  (0.000003+0.000020j)  (-0.000001-0.000014j)  (-0.000038-0.000011j)  (-0.000006-0.000001j)  (0.000044-0.000019j)  (0.000011+0.000003j)  (0.000012+0.000015j)  (-0.000008+0.000006j)  (-0.000021-0.000030j)  (-0.000015-0.000101j)  (-0.000005+0.000008j)  (0.000007-0.000018j)  (-0.000044+0.000019j)  (-0.000070+0.000025j)  (0.087404+0.000000j)  (0.000031-0.000007j)  (-0.000010-0.000008j)  (0.000003+0.000000j)  (-0.000028-0.000047j)  (-0.000459-0.000471j)  (-0.000023+0.000039j)  (-0.000044+0.000031j)  (0.000024+0.000030j)  (0.000006+0.000001j)  (0.000004-0.000011j)  (0.000056-0.000010j)  (-0.000142+0.000028j)  (0.000003-0.000014j)  (0.000006+0.000009j)  (-0.000013+0.000037j)  (0.000031+0.000007j)  (0.056322-0.000000j)  (-0.000041+0.000050j)  (0.000019-0.000026j)  (-0.000016-0.000007j)  (-0.000010-0.000004j)  (0.000026+0.000006j)  (-0.000008+0.000058j)  (0.000351-0.000276j)  (-0.000012+0.000018j)  (0.000010-0.000013j)  (0.000024-0.000011j)  (-0.000021-0.000000j)  (0.000328-0.000408j)  (-0.000007+0.000011j)  (0.000003-0.000020j)  (-0.000010+0.000008j)  (-0.000041-0.000050j)  (0.020671-0.000000j)  (0.000054+0.000098j)  (0.000006+0.000017j)  (-0.000001-0.000002j)  (0.000012+0.000037j)  (-0.000025-0.000005j)  (0.000336-0.000302j)  (-0.000006-0.000023j)  (-0.000015-0.000006j)  (0.000005-0.000004j)  (0.000024+0.000013j)  (0.000144-0.000494j)  (-0.000000-0.000020j)  (-0.000001+0.000014j)  (0.000003-0.000000j)  (0.000019+0.000026j)  (0.000054-0.000098j)  (0.021704-0.000000j)  (-0.000030-0.000006j)  (0.000029-0.000003j)  (-0.000003-0.000013j)  (0.000009-0.000032j)  (-0.000012-0.000017j)  (-0.000005+0.000018j)  (-0.000002-0.000088j)  (-0.000018-0.000081j)  (-0.000015-0.000009j)  (-0.000001-0.000002j)  (-0.000029-0.000015j)  (-0.000038+0.000011j)  (-0.000028+0.000047j)  (-0.000016+0.000007j)  (0.000006-0.000017j)  (-0.000030+0.000006j)  (0.082815-0.000000j)  (-0.000091+0.000027j)  (-0.000050+0.000021j)  (0.000009+0.000020j)  (0.000008-0.000005j)  (0.000014+0.000012j)  (-0.000021+0.000009j)  (0.000032-0.000027j)  (0.000040+0.000022j)  (0.000020-0.000007j)  (0.000010-0.000007j)  (-0.000006+0.000001j)  (-0.000459+0.000471j)  (-0.000010+0.000004j)  (-0.000001+0.000002j)  (0.000029+0.000003j)  (-0.000091-0.000027j)  (0.092377-0.000000j)  (0.000210+0.000294j)  (0.000005+0.000017j)  (0.000004+0.000010j)  (0.000048+0.000022j)  (0.000016-0.000002j)  (-0.000030+0.000041j)  (0.000018+0.000017j)  (0.000006+0.000007j)  (0.000019+0.000018j)  (0.000044+0.000019j)  (-0.000023-0.000039j)  (0.000026-0.000006j)  (0.000012-0.000037j)  (-0.000003+0.000013j)  (-0.000050-0.000021j)  (0.000210-0.000294j)  (0.096349-0.000000j)
